0 0.141406 0.579688 0.279687 0.090625
0 0.086719 0.672656 0.142187 0.089063
0 0.157812 0.685937 0.156250 0.146875
0 0.308594 0.614844 0.079687 0.123438
0 0.586719 0.412500 0.098437 0.196875
0 0.428125 0.446094 0.250000 0.085938
0 0.439063 0.550781 0.150000 0.148438
0 0.549219 0.636719 0.173437 0.092188
0 0.207813 0.219531 0.218750 0.120313
0 0.167187 0.254688 0.187500 0.078125
0 0.866406 0.546875 0.126562 0.203125
0 0.805469 0.413281 0.239063 0.148438
0 0.626563 0.310156 0.225000 0.104688
0 0.589063 0.408594 0.109375 0.195312
